               % Inelastic load      % Price of inelastic load
inelasticloade=[  43.14981832                   0.98;
                  35.47959812                   0.94;
                  30.78421925                   0.89;
                  28.81212564                   0.87; 
                  25.91860465                   0.84;
                  30.33180676                   0.82; 
                  34.43735539                   0.80;
                  29.04570964                   0.86;
                  23.75366772                   1.025;
                  28.7183013                    1.09;
                  38.48174136                   1.125; 
                  43.02219426                   1.16;
                  52.49475768                   1.17;
                  71.74822771                   1.20;
                  83.14273002                   1.19;
                  93.94230081                   1.18; 
                  109.2448864                   1.16;
                  122.0488996                   1.15;
                  122.2598426                   1.14;
                  119.8492092                   1.137; 
                  112.9948659                   1.124;
                  94.7801748                    1.09;
                  77.4004676                    1.06;
                  58.03405505                   1.025;]; 
            